254,202,182
245,185,158
246,171,142
217,118,76
252,188,140
229,144,90
228,131,86
178,85,44
143,70,29
132,57,17
245,194,151
234,154,95
208,111,56
168,66,17
147,68,27
250,220,196
245,187,149
239,165,128
203,137,103
168,102,68
247,188,154
243,160,120
213,114,75
154,79,48
127,67,41
255,218,179
250,187,134
244,159,104
198,110,46
138,67,3
253,196,179
245,158,113
236,134,86
182,88,34
143,60,18
236,162,113
233,132,86
219,116,75
205,110,66
173,83,46
242,207,175
215,159,102
208,138,86
195,134,80
168,112,63
247,168,137
221,132,98
183,90,57
165,87,51
105,29,15
0,0,0
255,255,255